name: perl
channels:
  - defaults
  - conda-forge
  - bioconda
  - r
dependencies:
  - libgcc-ng=7.2.0=hdf63c60_3
  - libstdcxx-ng=7.2.0=hdf63c60_3
  - perl=5.26.2=h470a237_0
  - perl-app-cpanminus=1.7044=pl526_1
  - perl-autoloader=5.74=pl526_2
  - perl-capture-tiny=0.48=pl526_0
  - perl-carp=1.38=pl526_2
  - perl-constant=1.33=pl526_1
  - perl-data-dumper=2.173=pl526_0
  - perl-dbi=1.642=pl526_0
  - perl-dynaloader=1.25=pl526_1
  - perl-encode=2.88=pl526_1
  - perl-exporter=5.72=pl526_1
  - perl-extutils-cppguess=0.12=pl526h2d50403_2
  - perl-extutils-makemaker=7.36=pl526_0
  - perl-file-find=1.27=pl526_1
  - perl-file-path=2.16=pl526_0
  - perl-file-slurp=9999.27=pl526_0
  - perl-file-spec=3.48_01=pl526_1
  - perl-file-temp=0.2304=pl526_2
  - perl-findbin-real=1.05=pl526h1341992_0
  - perl-getopt-long=2.50=pl526_1
  - perl-ipc-cmd=1.02=pl526_0
  - perl-list-util=1.38=pl526_1
  - perl-locale-maketext-simple=0.21=pl526_2
  - perl-math-cdf=0.1=pl526h470a237_4
  - perl-math-round=0.07=pl526_1
  - perl-module-corelist=5.20181218=pl526_0
  - perl-module-load=0.32=pl526_1
  - perl-module-load-conditional=0.68=pl526_2
  - perl-module-metadata=1.000033=pl526_0
  - perl-params-check=0.38=pl526_1
  - perl-parent=0.236=pl526_1
  - perl-path-class=0.37=pl526_1
  - perl-perl-ostype=1.010=pl526_1
  - perl-perlio-gzip=0.20=pl526h1341992_0
  - perl-pod-escapes=1.07=pl526_1
  - perl-pod-simple=3.35=pl526_1
  - perl-pod-usage=1.69=pl526_1
  - perl-posix=1.38_03=pl526_1
  - perl-scalar-list-utils=1.45=pl526h470a237_3
  - perl-set-intervaltree=0.11=pl526_1
  - perl-socket=2.027=pl526_1
  - perl-symbol=1.07=pl526_1
  - perl-test=1.26=pl526_1
  - perl-test-harness=3.42=pl526_0
  - perl-text-parsewords=3.30=pl526_0
  - perl-threaded=5.26.0=0
  - perl-tie-hash=1.05=pl526_1
  - perl-tie-hash-indexed=0.05=pl526_1
  - perl-time-hires=1.9758=pl526_0
  - perl-version=0.9924=pl526_0
  - perl-xsloader=0.24=pl526_0
  - zlib=1.2.11=h470a237_4
